1295747
1309812
1325394
1327756
1340472
1356761
1358457
1362651
1363088
1363225
1363542
1373375
1374460
1448095
1463605
1498368
1533042
1546296
1547493
1547943
1617730
1644293
1655572
1655573
1671662
1681423
1687458
1687459
1745231
1765265
1768620
1821846
1851122
1900954
1902784
1902805
1903838
1905819
1907377
1908769
1913820
1969795
1976571
1979031
1979945
1995417
2010085
2065664
2081456
2100260
2104658
2109695
2110923
2113880
2114978
2117521
2124974
2125114
2140105
2328832
2331752
2423251
2471067
2478402
2497054
2499492
2501149
2501151
2502714
2503829
2504583
2509261
2511050
2513179
2521839
2563673
2567637
2569362
2571934
2574106
2612903
2743979
2792089
2834202
2835228
2846287
2897241
2905685
2975615
3004963
3011424
3040524
3080247
3099170
3123324
3142764
3362860
3933112
3935327
7489720
7516894
7547478
7555708
7555732
7567454
7567459
7590238
7590239
7600959
7600980
7600986
7600992
7607084
7617036
7621828
7635058
7649474
7664336
7700229
7711745
7713432
7748791
7748792
7751926
7783195
7789769
7791801
7821222
7821224
7821226
7839146
7848871
7854318
7859741
7873402
7900988
7905482
7906203
7906390
7910795
7914871
7915131
7923935
7958878
7997882
8007953
8065369
8068548
8082742
8094700
8096173
8096812
8096813
8099546
8100764
8101173
8119127
8125300
8127364
8167377
8199047
8200478
8207445
8223244
8264640
8327503
8345514
8355700
8404526
8404855
8405675
8408299
8430097
8439413
8440019
8443106
8453668
8462751
8494768
8518191
8543160
8562425
8565819
8575625
8582269
8582298
8601485
8607986
8626035
8633240
8643453
8657157
8660878
8662923
8674417
8674807
8681791
8700202
8769644
8774450
8787744
8798148
8878681
8887679
8948586
8951796
9016631
9034334
9043065
9053307
9090569
9112439
9115734
9118221
9122207
9150256
9155027
9199302
9211899
9223257
9232593
9250684
9271437
9284046
9311990
9334278
9343437
9354328
9362473
9374395
9376314
9405369
9409684
9425016
9431808
9431812
9431813
9450935
9463351
9466931
9482719
9491376
9502727
9584118
9616122
9649507
9651493
9653184
9655816
9676198
9694800
9716538
9716725
9732552
9748283
9753673
9755176
9806911
9819059
9847251
9858707
9882489
9892357
9892673
10028969
10101114
10198247
10198632
10207149
10226011
10336692
10354482
10356296
10357933
10375498
10382070
10409499
10409512
10409761
10433830
10452845
10452950
10498687
10511555
10525348
10545248
10572044
10588882
10612401
10619432
10625560
10628847
10628984
10644409
10660305
10660673
10673509
10704841
10704844
10704848
10725392
10753518
10764759
10769037
10774724
10778860
10790334
10797011
10839367
10862738
10882130
10885752
10903170
10903570
10926776
10940622
10943836
10949042
11014815
11020715
11023865
11033359
11051548
11051549
11051550
11076769
11080162
11118881
11136980
11156995
11166182
11180965
11222137
11231067
11239432
11254355
11257221
11262224
11269502
11290304
11303087
11431466
11442633
11516643
11518505
11526088
11675495
11691840
11703941
11729153
11731230
11744367
11752402
11752406
11783990
11807027
11807040
11830564
11841504
11850176
11850184
11850413
11937027
12004130
12045184
12070098
12086463
12097338
12107285
12110293
12117814
12175492
12175493
12176357
12200449
12202035
12324942
12408801
12408848
12421421
12421707
12435630
12464180
12464428
12466192
12482712
12526745
12537575
12546820
12553914
12555273
12571107
12571352
12581523
12586708
12628173
12632177
12662925
12670999
12672020
12705870
12736209
12756170
12758126
12791270
12819662
12834864
12848938
12900454
12909726
12956960
12967559
12967563
12971900
14505573
14507783
14512024
14523229
14556285
14568101
14597205
14651939
14665671
14701680
14718563
14731391
14738884
14982956
15013812
15075295
15079076
15121905
15128656
15128668
15128669
15136145
15137945
15148389
15166157
15202999
15226257
15254275
15278452
15302602
15314643
15330865
15340490
15345045
15371353
15372035
15381778
15469973
15470419
15479229
15480416
15485919
15511639
15525530
15668164
15681611
15690032
15699212
15708571
15737936
15748842
15750188
15753212
15753213
15777699
15793007
15795372
15817225
15831751
15870289
15879554
15882587
15882644
15886105
15901661
15901665
15930118
15939231
15975935
15975941
15988027
16005293
16025347
16026969
16055650
16094372
16120280
16122349
16139208
16139209
16143107
16150727
16176949
16207753
16249329
16261625
16275038
16277982
16325168
16332533
16339902
16343659
16423512
16453814
16455308
16477641
16533912
16595131
16648647
16672345
16713132
16730345
16733548
16740481
16814276
16814723
16822982
16882722
16896687
16914497
16933974
16949568
16962096
17082773
17084833
17092951
17094800
17098220
17105353
17108002
17126293
17126316
17136098
17174297
17177857
17179088
17194628
17201773
17207870
17224261
17257054
17270733
17322397
17322403
17329358
17329368
17339027
17360325
17360441
17360684
17360774
17363250
17381512
17417793
17418114
17433632
17456006
17462750
17511863
17595301
17632547
17640629
17652079
17660749
17869239
17875208
17888422
17908931
17935992
17936744
17943085
17967878
17988633
18003742
18067151
18083159
18171686
18181151
18184725
18194654
18194655
18234213
18245363
18258485
18284659
18302156
18309086
18321764
18329365
18392760
18395996
18418383
18472003
18548007
18562695
18585374
18593558
18606221
18621688
18627097
18632929
18639538
18656533
18667158
18673565
18694568
18724934
18760387
18772429
18802449
18854586
18923080
18986212
19004852
19005053
19028484
19036798
19056518
19062282
19100727
19118171
19135896
19150446
19168633
19176515
19217375
19217429
19232522
19268449
19282966
19340940
19379693
19484263
19496840
19500564
19619547
19633663
19641625
19652700
19718746
19742310
19755581
19771147
19795518
19799999
19818615
19829381
19837039
19853570
19890324
20002224
20010841
20019281
20026207
20056681
20060894
20152186
20160503
20171201
20213139
20215474
20346138
20347970
20362452
20364123
20364351
20376353
20394051
20403347
20435028
20457811
20463031
20478292
20504768
20512118
20520827
20551440
20580700
20617173
20621708
20637846
20668662
20671200
20726908
20727877
20736287
20797865
20808886
20808951
20816798
20876645
21108319
21148185
21151964
21154525
21167805
21220098
21238929
21270056
21315151
21320482
21383317
21399984
21430782
21497759
21541324
21549331
21593416
21606367
21644243
21653228
21674056
21693522
21715425
21720363
21765394
21807095
21809435
21811416
21821017
21821659
21825127
21901108
21940430
21945234
21983964
22005458
22005665
22008792
22033538
22051777
22101416
22114190
22115527
22174086
22178246
22196332
22231485
22253819
22267917
22304916
22307613
22307950
22318630
22343891
22345563
22347718
22347817
22399682
22412381
22427741
22438833
22508513
22513375
22534400
22537497
22541432
22547825
22564415
22632976
22691242
22813735
22876196
22949613
22975331
23022067
23063364
23070853
23101512
23122844
23184988
23213453
23232763
23236164
23274688
23325760
23326246
23328393
23408901
23412634
23509267
23545328
23555301
23597484
23613719
23701883
23825964
23852450
23922708
23972280
24009528
24039600
24067530
24075010
24086596
24173800
24186975
24229644
24306106
24321690
24324007
24332542
24332544
24385925
24402316
24462039
24465586
24489834
24496624
24514265
24526311
24554765
24571981
24667536
24676142
24685159
24735880
24778181
24854999
24855141
24858703
24886829
24896182
24907418
24909324
24945799
24961800
24972496
25123314
25144371
25172431
25209244
25210771
25217625
25247309
25251222
25329825
25404315
25447994
25464903
25557079
25564665
25579975
25600008
25609699
25633198
25660543
25670791
25675536
25704510
25704512
25730885
25754646
25760344
25797154
25835988
25840432
25920570
25959734
25989022
25999584
26008746
26034272
26092939
26204530
26225919
26230388
26277983
26369287
26377945
26456832
26468882
26581591
26641463
26658797
26673329
26687625
26710299
26713262
26840050
26854918
26887408
26926907
26952983
26975664
27058369
27126188
27146892
27293191
27341759
27379389
27397649
27528040
27646273
27693434
27723822
27810970
27840106
27899510
27982028
28077621
28089518
28111079
28126841
28245922
28369060
28394894
28414802
28522526
28621663
28715417
28715438
28720706
28760809
28760811
28801530
28899667
28928281
28961967
29023471
29070071
29095143
29139541
29225023
29247240
29378788
29417712
29432195
29440493
29500190
29539428
29539636
29567866
29714689
29752064
29884674
29976765
29981311
30005136
30028887
30063727
30067846
30096221
30119996
30249207
30315166
30476189
30531963
30601696
30606245
30630823
30687963
30714901
30735676
30842209
30845228
30954218
30998799
31019084
31093969
31097722
31110028
31158257
31201635
31251896
31278345
31299050
31378591
31393878
31399572
31418797
31439126
31444217
31447264
31484673
31589607
31685844
31837063
31851941
31900360
31950355
32032550
32179478
32179582
32188630
32217666
32275964
32386525
32434796
32460025
32490812
32738261
33334823
33892766